1234 1453 1323 4355 Gecersiz
1234 1453 1323 4356 Gecersiz
4548 4746 6285 2621 Gecerli
4548 4746 6285 2622 Gecersiz
4345 2722 3233 4748 Gecersiz
4345 2722 3233 4749 Gecerli
8567 5746 2823 3837 Gecerli
9567 5746 2823 3837 Gecersiz
8426 4053 1064 9983 Gecerli
9426 4053 1064 9983 Gecersiz
5928 0417 7072 6828 Gecerli
5928 0417 7072 7828 Gecersiz
5696 3959 5931 5237 Gecerli
5696 3959 5931 5247 Gecersiz
4567 5989 3783 0834 Gecerli
4567 5989 3783 0844 Gecersiz
3999 9556 1350 3939 Gecerli
3999 9556 1350 4039 Gecersiz
6504 0474 5437 0676 Gecerli
6504 0474 5437 5676 Gecersiz
1140 6778 8638 5305 Gecerli
1140 6778 8638 5315 Gecersiz
6210 9393 4093 4977 Gecerli
6210 9393 4093 4997 Gecersiz
2778 3746 6932 5305 Gecerli
2778 3746 6932 0305 Gecersiz
2656 2575 7936 7623 Gecerli
2656 2575 7936 1623 Gecersiz
1612 6464 1334 1270 Gecerli
5615 6937 3648 5549 Gecerli
5615 6937 3648 1549 Gecersiz
